,County,Average Uninsured,Poverty Count Average,Poverty Percentage Average
0,Aitkin,8.5,624.17,23.22
1,Anoka,5.0,8429.17,10.2
2,Becker,8.38,1524.17,19.1
3,Beltrami,8.48,2942.5,26.33
4,Benton,4.65,1269.0,13.42
5,Big Stone,7.52,188.17,18.2
6,Blue Earth,4.98,1879.17,14.97
7,Brown,4.92,606.83,11.17
8,Carlton,6.45,1039.83,13.12
9,Carver,3.82,1364.5,5.07
10,Cass,9.45,1599.67,27.07
11,Chippewa,6.92,431.83,15.63
12,Chisago,5.0,1031.67,8.13
13,Clay,4.78,1955.67,13.97
14,Clearwater,9.27,541.0,25.35
15,Cook,9.57,134.5,16.1
16,Cottonwood,6.65,479.83,17.72
17,Crow Wing,5.72,2331.67,16.88
18,Dakota,4.28,9358.17,9.17
19,Dodge,4.98,528.83,9.53
20,Douglas,5.07,954.33,12.4
21,Faribault,6.43,580.0,19.47
22,Fillmore,8.1,860.17,17.5
23,Freeborn,5.88,1153.83,17.55
24,Goodhue,5.6,1199.0,11.52
25,Grant,6.8,214.0,16.83
26,Hennepin,5.22,41961.17,15.88
27,Houston,5.7,463.83,11.42
28,Hubbard,7.58,870.0,20.5
29,Isanti,5.3,1052.17,11.38
30,Itasca,7.08,1841.0,19.8
31,Jackson,5.57,326.0,14.55
32,Kanabec,6.3,715.17,20.75
33,Kandiyohi,6.6,1780.0,18.13
34,Kittson,6.82,136.17,14.18
35,Koochiching,7.57,552.0,22.15
36,Lake,5.65,304.83,15.53
37,Lake of the Woods,8.45,128.33,17.78
38,Le Sueur,5.8,733.17,10.9
39,Lincoln,7.8,180.67,13.98
40,Lyon,5.65,989.5,15.77
41,Mahnomen,9.12,560.0,34.47
42,Marshall,7.22,272.0,12.78
43,Martin,5.85,808.83,18.72
44,McLeod,5.28,942.5,11.0
45,Meeker,6.18,690.17,12.25
46,Mille Lacs,6.65,1091.17,18.0
47,Morrison,6.5,1230.0,15.92
48,Mower,6.88,1661.5,17.32
49,Murray,7.07,236.17,13.12
50,Nicollet,4.42,817.17,11.4
51,Nobles,8.83,994.5,17.82
52,Norman,7.25,280.67,18.42
53,Olmsted,4.72,4059.33,11.07
54,Otter Tail,6.0,1851.0,15.32
55,Pennington,4.88,443.0,13.78
56,Pine,7.1,1269.17,21.47
57,Pipestone,7.28,374.33,16.52
58,Polk,6.08,1300.17,17.88
59,Pope,6.58,308.83,13.62
60,Ramsey,5.7,28099.5,23.15
61,Red Lake,7.78,131.0,13.4
62,Redwood,7.8,572.5,15.25
63,Renville,7.35,546.5,16.37
64,Rice,6.8,1934.17,13.48
65,Rock,6.1,300.33,12.67
66,Roseau,6.07,470.17,12.27
67,Scott,4.5,2628.17,6.63
68,Sherburne,4.65,2001.83,8.13
69,Sibley,7.95,505.0,14.02
70,St. Louis,5.22,6864.17,18.28
71,Stearns,5.02,4436.67,12.97
72,Steele,5.0,1271.17,13.83
73,Stevens,6.0,217.33,10.88
74,Swift,5.55,305.33,14.87
75,Todd,9.78,1257.83,21.8
76,Traverse,9.15,138.17,19.65
77,Wabasha,5.75,519.83,10.92
78,Wadena,6.32,702.83,21.57
79,Waseca,5.68,585.33,13.38
80,Washington,4.22,3964.5,6.38
81,Watonwan,9.98,455.5,16.98
82,Wilkin,5.5,190.17,12.88
83,Winona,5.43,1261.67,13.63
84,Wright,4.65,2669.5,7.27
85,Yellow Medicine,6.65,329.67,14.32
